-0.00318015 0 0.0163605
-0.0074938 0 0.0324592
-0.011243 0 0.0486987
-0.0147082 0 0.0650012
-0.0181734 0 0.0813036
-0.0207806 0 0.0977651
-0.0245298 0 0.114005
-0.0294027 0 0.129943
-0.0353755 0 0.145503
-0.0418876 0 0.160844
-0.0494542 0 0.175695
-0.0562331 0 0.19092
-0.0635393 0 0.2059
-0.0703182 0 0.221126
-0.0760186 0 0.236788
-0.0808914 0 0.252726
-0.0860417 0 0.268577
-0.0920145 0 0.284137
-0.0979873 0 0.299696
-0.104499 0 0.315038
-0.110743 0 0.330491
-0.116443 0 0.346153
-0.122416 0 0.361712
-0.128116 0 0.377374
-0.13436 0 0.392827
-0.140603 0 0.40828
-0.146847 0 0.423733
-0.152273 0 0.439492
-0.157423 0 0.455343
-0.163123 0 0.471004
-0.16855 0 0.486763
-0.174793 0 0.502216
-0.180219 0 0.517974
-0.186731 0 0.533316
-0.194038 0 0.548296
-0.20055 0 0.563638
-0.207593 0 0.578743
-0.214637 0 0.593848
-0.221943 0 0.608828
-0.228455 0 0.62417
-0.234428 0 0.639729
-0.239301 0 0.655668
-0.24305 0 0.671907
-0.246799 0 0.688147
-0.250549 0 0.704386
-0.254298 0 0.720626
-0.258611 0 0.736725
-0.264038 0 0.752483
-0.270281 0 0.767936
-0.27706 0 0.783162
-0.28276 0 0.798824
-0.289004 0 0.814277
-0.295516 0 0.829618
-0.302028 0 0.84496
-0.309072 0 0.860065
-0.316115 0 0.87517
-0.32394 0 0.889886
-0.332524 0 0.904172
-0.34009 0 0.919022
-0.348424 0 0.933456
-0.357501 0 0.947434
-0.367531 0 0.960745
-0.377562 0 0.974055
-0.387592 0 0.987366
-0.397622 0 1.00068
-0.406942 0 1.01449
-0.416738 0 1.02798
-0.426058 0 1.04179
-0.436088 0 1.05511
-0.447023 0 1.06768
-0.457736 0 1.08045
-0.467997 0 1.09358
-0.477317 0 1.1074
-0.486149 0 1.12154
-0.495945 0 1.13502
-0.506434 0 1.14797
-0.517801 0 1.16016
-0.529586 0 1.17195
-0.542164 0 1.18288
-0.553949 0 1.19467
-0.566139 0 1.20603
-0.578328 0 1.2174
-0.590906 0 1.22833
-0.603674 0 1.23905
-0.616626 0 1.24954
-0.629393 0 1.26025
-0.642161 0 1.27096
-0.654547 0 1.28211
-0.666932 0 1.29327
-0.679318 0 1.30442
-0.691507 0 1.31578
-0.703697 0 1.32715
-0.715686 0 1.33873
-0.728453 0 1.34944
-0.740642 0 1.36081
-0.752631 0 1.37239
-0.764416 0 1.38417
-0.776606 0 1.39554
-0.788595 0 1.40712
-0.801362 0 1.41783
-0.814129 0 1.42854
-0.82744 0 1.43857
-0.840924 0 1.44837
-0.853876 0 1.45886
-0.866828 0 1.46935
-0.879596 0 1.48006
-0.892363 0 1.49077
-0.905497 0 1.50103
-0.919314 0 1.51035
-0.933448 0 1.51919
-0.948164 0 1.52701
-0.96288 0 1.53483
-0.977596 0 1.54266
-0.992311 0 1.55048
-1.00703 0 1.55831
-1.02174 0 1.56613
-1.03646 0 1.57396
-1.05156 0 1.581
-1.06679 0 1.58778
-1.08202 0 1.59456
-1.09768 0 1.60026
-1.1129 0 1.60704
-1.12856 0 1.61274
-1.14412 0 1.61871
-1.15979 0 1.62441
-1.17535 0 1.63038
-1.1912 0 1.63553
-1.20665 0 1.64178
-1.22221 0 1.64775
-1.23797 0 1.65318
-1.25342 0 1.65942
-1.26927 0 1.66457
-1.28472 0 1.67081
-1.29995 0 1.67759
-1.31551 0 1.68357
-1.33062 0 1.69061
-1.34584 0 1.69739
-1.36056 0 1.70521
-1.37541 0 1.71278
-1.39026 0 1.72035
-1.40511 0 1.72791
-1.41954 0 1.73625
-1.43352 0 1.74532
-1.44734 0 1.75464
-1.46147 0 1.76347
-1.47495 0 1.77327
-1.48809 0 1.78353
-1.50122 0 1.79379
-1.51487 0 1.80335
-1.52916 0 1.81194
-1.54388 0 1.81976
-1.55845 0 1.82784
-1.57243 0 1.83692
-1.58608 0 1.84648
-1.59973 0 1.85604
-1.61387 0 1.86487
-1.62785 0 1.87395
-1.64116 0 1.88398
-1.65392 0 1.89469
-1.66724 0 1.90472
-1.68019 0 1.91521
-1.69277 0 1.92614
-1.70534 0 1.93708
-1.71753 0 1.94844
-1.72972 0 1.95981
-1.74268 0 1.9703
-1.75581 0 1.98056
-1.76929 0 1.99036
-1.78278 0 2.00015
-1.79626 0 2.00995
-1.80903 0 2.02066
-1.82161 0 2.0316
-1.83418 0 2.04253
-1.8475 0 2.05256
-1.86131 0 2.06188
-1.8748 0 2.07168
-1.88775 0 2.08217
-1.9007 0 2.09266
-1.91347 0 2.10337
-1.9266 0 2.11363
-1.93937 0 2.12434
-1.95232 0 2.13483
-1.96581 0 2.14463
-1.97912 0 2.15466
-1.99225 0 2.16492
-2.0052 0 2.17541
-2.01869 0 2.1852
-2.03234 0 2.19476
-2.04582 0 2.20456
-2.05931 0 2.21436
-2.07262 0 2.22439
-2.08659 0 2.23346
-2.10057 0 2.24254
-2.11486 0 2.25113
-2.12867 0 2.26045
-2.14233 0 2.27001
-2.15646 0 2.27884
-2.17044 0 2.28791
-2.18502 0 2.296
-2.19959 0 2.30408
-2.21373 0 2.31291
-2.22738 0 2.32247
-2.24167 0 2.33105
-2.25652 0 2.33862
-2.27109 0 2.3467
-2.28507 0 2.35577
-2.29889 0 2.36509
-2.31302 0 2.37393
-2.32716 0 2.38276
-2.34129 0 2.39159
-2.35477 0 2.40139
-2.36891 0 2.41022
-2.38256 0 2.41978
-2.3967 0 2.42861
-2.41083 0 2.43744
-2.42448 0 2.447
-2.43779 0 2.45703
-2.45145 0 2.46659
-2.4651 0 2.47615
-2.47805 0 2.48664
-2.49118 0 2.4969
-2.50449 0 2.50693
-2.5178 0 2.51696
-2.53146 0 2.52652
-2.54494 0 2.53632
-2.55859 0 2.54588
-2.57257 0 2.55495
-2.58605 0 2.56475
-2.59901 0 2.57524
-2.61196 0 2.58573
-2.62415 0 2.5971
-2.63673 0 2.60803
-2.64872 0 2.61961
-2.6613 0 2.63054
-2.67368 0 2.64169
-2.68626 0 2.65263
-2.69884 0 2.66356
-2.71179 0 2.67405
-2.72418 0 2.6852
-2.73731 0 2.69546
-2.74989 0 2.7064
-2.76284 0 2.71689
-2.77542 0 2.72782
-2.78761 0 2.73919
-2.79919 0 2.75118
-2.81055 0 2.76337
-2.82149 0 2.77594
-2.83327 0 2.78773
-2.84464 0 2.79992
-2.85622 0 2.81191
-2.86737 0 2.82429
-2.87786 0 2.83725
-2.88835 0 2.8502
-2.89883 0 2.86315
-2.90863 0 2.87663
-2.91795 0 2.89045
-2.92751 0 2.9041
-2.93634 0 2.91824
-2.94566 0 2.93206
-2.95569 0 2.94537
-2.96663 0 2.95795
-2.97666 0 2.97126
-2.98669 0 2.98457
-2.99718 0 2.99752
-3.00744 0 3.01065
-3.017 0 3.0243
-3.02607 0 3.03828
-3.03587 0 3.05177
-3.04519 0 3.06558
-3.05451 0 3.0794
-3.06284 0 3.09383
-3.07015 0 3.10881
-3.07693 0 3.12404
-3.08263 0 3.1397
-3.08805 0 3.15546
-3.09321 0 3.17131
-3.09891 0 3.18697
-3.1035 0 3.20299
-3.10809 0 3.21902
-3.11269 0 3.23504
-3.11756 0 3.25097
-3.12187 0 3.26707
-3.12619 0 3.28317
-3.12994 0 3.29941
-3.13481 0 3.31535
-3.13968 0 3.33129
-3.14483 0 3.34714
-3.14998 0 3.36299
-3.15513 0 3.37884
-3.15973 0 3.39486
-3.16404 0 3.41096
-3.16835 0 3.42706
-3.17267 0 3.44316
-3.1767 0 3.45933
-3.18185 0 3.47518
-3.18644 0 3.4912
-3.19159 0 3.50705
-3.19647 0 3.52299
-3.20106 0 3.53901
-3.20676 0 3.55467
-3.21246 0 3.57034
-3.21897 0 3.58568
-3.22654 0 3.60053
-3.23437 0 3.61524
-3.24167 0 3.63022
-3.24792 0 3.64568
-3.25362 0 3.66134
-3.25986 0 3.67679
-3.26528 0 3.69255
-3.27071 0 3.70831
-3.27722 0 3.72365
-3.28292 0 3.73931
-3.2889 0 3.75487
-3.29487 0 3.77043
-3.30084 0 3.78599
-3.30627 0 3.80175
-3.31169 0 3.81751
-3.31821 0 3.83285
-3.32363 0 3.84861
-3.32961 0 3.86417
-3.33585 0 3.87962
-3.34128 0 3.89538
-3.34643 0 3.91123
-3.35102 0 3.92725
-3.35645 0 3.94301
-3.36296 0 3.95835
-3.36974 0 3.97358
-3.37571 0 3.98914
-3.38168 0 4.0047
-3.38846 0 4.01992
-3.39497 0 4.03526
-3.40228 0 4.05024
-3.40906 0 4.06547
-3.41503 0 4.08103
-3.421 0 4.09659
-3.42615 0 4.11244
-3.43213 0 4.128
-3.43755 0 4.14376
-3.44325 0 4.15942
-3.44977 0 4.17476
-3.45601 0 4.19022
-3.46332 0 4.20519
-3.46983 0 4.22054
-3.47739 0 4.23539
-3.48496 0 4.25024
-3.49253 0 4.26509
-3.49931 0 4.28031
-3.50608 0 4.29554
-3.51286 0 4.31076
-3.51938 0 4.32611
-3.52508 0 4.34177
-3.53132 0 4.35722
-3.53702 0 4.37288
-3.54353 0 4.38822
-3.54923 0 4.40389
-3.55466 0 4.41964
-3.5609 0 4.4351
-3.56741 0 4.45044
-3.57446 0 4.46554
-3.58043 0 4.4811
-3.58558 0 4.49695
-3.58961 0 4.51313
-3.59251 0 4.52954
-3.5954 0 4.54595
-3.59858 0 4.56231
-3.60176 0 4.57867
-3.60494 0 4.59503
-3.60784 0 4.61145
-3.61016 0 4.62795
-3.6119 0 4.64453
-3.61277 0 4.66117
-3.61364 0 4.67782
-3.61509 0 4.69442
-3.61741 0 4.71092
-3.62031 0 4.72734
-3.62263 0 4.74384
-3.62495 0 4.76035
-3.62611 0 4.77697
-3.62785 0 4.79355
-3.62988 0 4.81009
-3.63076 0 4.82673
-3.63163 0 4.84338
-3.63366 0 4.85992
-3.63569 0 4.87646
-3.63858 0 4.89288
-3.64205 0 4.90918
-3.64494 0 4.92559
-3.64898 0 4.94176
-3.65273 0 4.958
-3.65732 0 4.97402
-3.66163 0 4.99012
-3.66566 0 5.00629
-3.66998 0 5.02239
-3.67429 0 5.03849
-3.67747 0 5.05485
-3.68122 0 5.07109
-3.68497 0 5.08733
-3.68872 0 5.10357
-3.69247 0 5.11981
-3.69593 0 5.13611
-3.69997 0 5.15228
-3.70512 0 5.16813
-3.71082 0 5.1838
-3.71679 0 5.19936
-3.72166 0 5.21529
-3.72681 0 5.23115
-3.73196 0 5.247
-3.73656 0 5.26302
-3.74087 0 5.27912
-3.74546 0 5.29514
-3.75116 0 5.3108
-3.75687 0 5.32646
-3.76311 0 5.34191
-3.76881 0 5.35757
-3.77424 0 5.37333
-3.78021 0 5.38889
-3.78645 0 5.40435
-3.79296 0 5.41969
-3.79839 0 5.43545
-3.80382 0 5.45121
-3.80952 0 5.46687
-3.81411 0 5.48289
-3.81758 0 5.49919
-3.82104 0 5.51549
-3.82393 0 5.53191
-3.82683 0 5.54832
-3.82886 0 5.56486
-3.82973 0 5.58151
-3.82973 0 5.59817
-3.83089 0 5.6148
-3.83264 0 5.63137
-3.8338 0 5.648
-3.83554 0 5.66458
-3.83728 0 5.68115
-3.83903 0 5.69773
-3.83961 0 5.71438
-3.84048 0 5.73103
-3.84135 0 5.74767
-3.84338 0 5.76421
-3.84656 0 5.78057
-3.85088 0 5.79667
-3.85491 0 5.81284
-3.8595 0 5.82886
-3.86354 0 5.84504
-3.86757 0 5.86121
-3.8716 0 5.87738
-3.87506 0 5.89368
-3.8791 0 5.90985
-3.88425 0 5.9257
-3.88967 0 5.94146
-3.89455 0 5.9574
-3.89942 0 5.97334
-3.90317 0 5.98958
-3.90692 0 6.00582
-3.91179 0 6.02176
-3.91638 0 6.03778
-3.92042 0 6.05395
-3.92388 0 6.07025
-3.92819 0 6.08635
-3.93251 0 6.10245
-3.93682 0 6.11855
-3.94057 0 6.13479
-3.94432 0 6.15103
-3.94863 0 6.16713
-3.95238 0 6.18337
-3.95613 0 6.19961
-3.96045 0 6.2157
-3.96448 0 6.23188
-3.96935 0 6.24781
-3.97505 0 6.26348
-3.97965 0 6.2795
-3.98507 0 6.29526
-3.9905 0 6.31101
-3.99481 0 6.32711
-4.00024 0 6.34287
-4.00675 0 6.35821
-4.01432 0 6.37306
-4.0229 0 6.38735
-4.03246 0 6.401
-4.04295 0 6.41395
-4.05251 0 6.42761
-4.06254 0 6.44092
-4.07162 0 6.4549
-4.08069 0 6.46887
-4.09001 0 6.48269
-4.09909 0 6.49667
-4.10742 0 6.5111
-4.11499 0 6.52595
-4.12357 0 6.54024
-4.13216 0 6.55452
-4.14099 0 6.56866
-4.15031 0 6.58248
-4.15864 0 6.59691
-4.16647 0 6.61163
-4.17429 0 6.62634
-4.18107 0 6.64157
-4.18677 0 6.65723
-4.1922 0 6.67299
-4.19735 0 6.68884
-4.20359 0 6.70429
-4.20929 0 6.71995
-4.2158 0 6.73529
-4.22205 0 6.75075
-4.22883 0 6.76597
-4.23639 0 6.78082
-4.24344 0 6.79593
-4.25152 0 6.81051
-4.2601 0 6.82479
-4.26966 0 6.83844
-4.27969 0 6.85175
-4.28901 0 6.86557
-4.29809 0 6.87955
-4.30642 0 6.89398
-4.3155 0 6.90796
-4.32553 0 6.92127
-4.33602 0 6.93422
-4.34717 0 6.94661
-4.35832 0 6.959
-4.36926 0 6.97157
-4.38083 0 6.98356
-4.39241 0 6.99555
-4.40335 0 7.00813
-4.41383 0 7.02108
-4.42432 0 7.03404
-4.43481 0 7.04699
-4.44575 0 7.05957
-4.45646 0 7.07233
-4.46761 0 7.08472
-4.4796 0 7.0963
-4.49218 0 7.10723
-4.50531 0 7.11749
-4.51826 0 7.12798
-4.53045 0 7.13935
-4.54341 0 7.14984
-4.55689 0 7.15963
-4.57087 0 7.16871
-4.58418 0 7.17874
-4.59676 0 7.18968
-4.60952 0 7.20039
-4.62266 0 7.21065
-4.63597 0 7.22068
-4.64945 0 7.23048
-4.66359 0 7.23931
-4.6774 0 7.24863
-4.69184 0 7.25696
-4.70581 0 7.26604
-4.71963 0 7.27536
-4.73392 0 7.28394
-4.7479 0 7.29302
-4.76233 0 7.30135
-4.77676 0 7.30969
-4.79174 0 7.31699
-4.80672 0 7.3243
-4.82183 0 7.33134
-4.83654 0 7.33917
-4.85177 0 7.34595
-4.86711 0 7.35246
-4.88209 0 7.35976
-4.89653 0 7.3681
-4.91096 0 7.37643
-4.92567 0 7.38426
-4.94039 0 7.39208
-4.9555 0 7.39912
-4.97072 0 7.4059
-4.98638 0 7.4116
-5.00161 0 7.41838
-5.01695 0 7.42489
-5.03229 0 7.43141
-5.04727 0 7.43871
-5.06273 0 7.44496
-5.07795 0 7.45173
-5.09306 0 7.45878
-5.10828 0 7.46556
-5.12394 0 7.47126
-5.1394 0 7.4775
-5.15525 0 7.48265
-5.17135 0 7.48697
-5.18744 0 7.49128
-5.20354 0 7.49559
-5.21964 0 7.49991
-5.23594 0 7.50337
-5.25204 0 7.50768
-5.26822 0 7.51172
-5.28463 0 7.51461
-5.30109 0 7.51722
-5.31755 0 7.51983
-5.33379 0 7.52357
-5.34973 0 7.52845
-5.36567 0 7.53332
-5.38177 0 7.53763
-5.39801 0 7.54138
-5.41403 0 7.54598
-5.42988 0 7.55113
-5.44573 0 7.55628
-5.46158 0 7.56143
-5.47752 0 7.5663
-5.49318 0 7.572
-5.50852 0 7.57851
-5.52337 0 7.58608
-5.53809 0 7.5939
