-0.00318015 0 0.0163605
-0.0074938 0 0.0324592
-0.011243 0 0.0486987
-0.0147082 0 0.0650012
-0.0181734 0 0.0813036
-0.0207806 0 0.0977651
-0.0245298 0 0.114005
-0.0294027 0 0.129943
-0.0353755 0 0.145503
-0.0418876 0 0.160844
-0.0494542 0 0.175695
-0.0562331 0 0.19092
-0.0635393 0 0.2059
-0.0703182 0 0.221126
-0.0760186 0 0.236788
-0.0808914 0 0.252726
-0.0860417 0 0.268577
-0.0920145 0 0.284137
-0.0979873 0 0.299696
-0.104499 0 0.315038
-0.110743 0 0.330491
-0.116443 0 0.346153
-0.122416 0 0.361712
-0.128116 0 0.377374
-0.13436 0 0.392827
-0.140603 0 0.40828
-0.146847 0 0.423733
-0.152273 0 0.439492
-0.157423 0 0.455343
-0.163123 0 0.471004
-0.16855 0 0.486763
-0.174793 0 0.502216
-0.180219 0 0.517974
-0.186731 0 0.533316
-0.194038 0 0.548296
-0.20055 0 0.563638
-0.207593 0 0.578743
-0.214637 0 0.593848
-0.221943 0 0.608828
-0.228455 0 0.62417
-0.234428 0 0.639729
-0.239301 0 0.655668
-0.24305 0 0.671907
-0.246799 0 0.688147
-0.250549 0 0.704386
-0.254298 0 0.720626
-0.258611 0 0.736725
-0.264038 0 0.752483
-0.270281 0 0.767936
-0.27706 0 0.783162
-0.28276 0 0.798824
-0.289004 0 0.814277
-0.295516 0 0.829618
-0.302028 0 0.84496
-0.309072 0 0.860065
-0.316115 0 0.87517
-0.32394 0 0.889886
-0.332524 0 0.904172
-0.34009 0 0.919022
-0.348424 0 0.933456
-0.357501 0 0.947434
-0.367531 0 0.960745
-0.377562 0 0.974055
-0.387592 0 0.987366
-0.397622 0 1.00068
-0.406942 0 1.01449
-0.416738 0 1.02798
-0.426058 0 1.04179
-0.436088 0 1.05511
-0.447023 0 1.06768
-0.457736 0 1.08045
-0.467997 0 1.09358
-0.477317 0 1.1074
-0.486149 0 1.12154
-0.495945 0 1.13502
-0.506434 0 1.14797
-0.517801 0 1.16016
-0.529586 0 1.17195
-0.542164 0 1.18288
-0.553949 0 1.19467
-0.566139 0 1.20603
-0.578328 0 1.2174
-0.590906 0 1.22833
-0.603674 0 1.23905
-0.616626 0 1.24954
-0.629393 0 1.26025
-0.642161 0 1.27096
-0.654547 0 1.28211
-0.666932 0 1.29327
-0.679318 0 1.30442
-0.691507 0 1.31578
-0.703697 0 1.32715
-0.715686 0 1.33873
-0.728453 0 1.34944
-0.740642 0 1.36081
-0.752631 0 1.37239
-0.764416 0 1.38417
-0.776606 0 1.39554
-0.788595 0 1.40712
-0.801362 0 1.41783
-0.814129 0 1.42854
-0.82744 0 1.43857
-0.840924 0 1.44837
-0.853876 0 1.45886
-0.866828 0 1.46935
-0.879596 0 1.48006
-0.892363 0 1.49077
-0.905497 0 1.50103
-0.919314 0 1.51035
-0.933448 0 1.51919
-0.948164 0 1.52701
-0.96288 0 1.53483
-0.977596 0 1.54266
-0.992311 0 1.55048
-1.00703 0 1.55831
-1.02174 0 1.56613
-1.03646 0 1.57396
-1.05156 0 1.581
-1.06679 0 1.58778
-1.08202 0 1.59456
-1.09768 0 1.60026
-1.1129 0 1.60704
-1.12856 0 1.61274
-1.14412 0 1.61871
-1.15979 0 1.62441
-1.17535 0 1.63038
-1.1912 0 1.63553
-1.20665 0 1.64178
-1.22221 0 1.64775
-1.23797 0 1.65318
-1.25342 0 1.65942
-1.26927 0 1.66457
-1.28472 0 1.67081
-1.29995 0 1.67759
-1.31551 0 1.68357
-1.33062 0 1.69061
-1.34584 0 1.69739
-1.36056 0 1.70521
-1.37541 0 1.71278
-1.39026 0 1.72035
-1.40511 0 1.72791
-1.41954 0 1.73625
-1.43352 0 1.74532
-1.44734 0 1.75464
-1.46147 0 1.76347
-1.47495 0 1.77327
-1.48809 0 1.78353
-1.50122 0 1.79379
-1.51487 0 1.80335
-1.52916 0 1.81194
-1.54388 0 1.81976
-1.55845 0 1.82784
-1.57243 0 1.83692
-1.58608 0 1.84648
-1.59973 0 1.85604
-1.61387 0 1.86487
-1.62785 0 1.87395
-1.64116 0 1.88398
-1.65392 0 1.89469
-1.66724 0 1.90472
-1.68019 0 1.91521
-1.69277 0 1.92614
-1.70534 0 1.93708
-1.71753 0 1.94844
-1.72972 0 1.95981
-1.74268 0 1.9703
-1.75581 0 1.98056
-1.76929 0 1.99036
-1.78278 0 2.00015
-1.79626 0 2.00995
-1.80903 0 2.02066
-1.82161 0 2.0316
-1.83418 0 2.04253
-1.8475 0 2.05256
-1.86131 0 2.06188
-1.8748 0 2.07168
-1.88775 0 2.08217
-1.9007 0 2.09266
-1.91347 0 2.10337
-1.9266 0 2.11363
-1.93937 0 2.12434
-1.95232 0 2.13483
-1.96581 0 2.14463
-1.97912 0 2.15466
-1.99225 0 2.16492
-2.0052 0 2.17541
-2.01869 0 2.1852
-2.03234 0 2.19476
-2.04582 0 2.20456
-2.05931 0 2.21436
-2.07262 0 2.22439
-2.08659 0 2.23346
-2.10057 0 2.24254
-2.11486 0 2.25113
-2.12867 0 2.26045
-2.14233 0 2.27001
-2.15646 0 2.27884
-2.17044 0 2.28791
-2.18502 0 2.296
-2.19959 0 2.30408
-2.21373 0 2.31291
-2.22738 0 2.32247
-2.24167 0 2.33105
-2.25652 0 2.33862
-2.27109 0 2.3467
-2.28507 0 2.35577
-2.29889 0 2.36509
-2.31302 0 2.37393
-2.32716 0 2.38276
-2.34129 0 2.39159
-2.35477 0 2.40139
-2.36891 0 2.41022
-2.38256 0 2.41978
-2.3967 0 2.42861
-2.41083 0 2.43744
-2.42448 0 2.447
-2.43779 0 2.45703
-2.45145 0 2.46659
-2.4651 0 2.47615
-2.47805 0 2.48664
-2.49118 0 2.4969
-2.50449 0 2.50693
-2.5178 0 2.51696
-2.53146 0 2.52652
-2.54494 0 2.53632
-2.55859 0 2.54588
-2.57257 0 2.55495
-2.58605 0 2.56475
-2.59901 0 2.57524
-2.61196 0 2.58573
-2.62415 0 2.5971
-2.63673 0 2.60803
-2.64872 0 2.61961
-2.6613 0 2.63054
-2.67368 0 2.64169
-2.68626 0 2.65263
-2.69884 0 2.66356
-2.71179 0 2.67405
-2.72418 0 2.6852
-2.73731 0 2.69546
-2.74989 0 2.7064
-2.76284 0 2.71689
-2.77542 0 2.72782
-2.78761 0 2.73919
-2.79919 0 2.75118
-2.81055 0 2.76337
-2.82149 0 2.77594
-2.83327 0 2.78773
-2.84464 0 2.79992
-2.85622 0 2.81191
-2.86737 0 2.82429
-2.87786 0 2.83725
-2.88835 0 2.8502
-2.89883 0 2.86315
-2.90863 0 2.87663
-2.91795 0 2.89045
-2.92751 0 2.9041
-2.93634 0 2.91824
-2.94566 0 2.93206
-2.95569 0 2.94537
-2.96663 0 2.95795
-2.97666 0 2.97126
-2.98669 0 2.98457
-2.99718 0 2.99752
-3.00744 0 3.01065
-3.017 0 3.0243
-3.02607 0 3.03828
-3.03587 0 3.05177
-3.04519 0 3.06558
-3.05451 0 3.0794
-3.06284 0 3.09383
-3.07015 0 3.10881
-3.07693 0 3.12404
-3.08263 0 3.1397
-3.08805 0 3.15546
-3.09321 0 3.17131
-3.09891 0 3.18697
-3.1035 0 3.20299
-3.10809 0 3.21902
-3.11269 0 3.23504
-3.11756 0 3.25097
-3.12187 0 3.26707
-3.12619 0 3.28317
-3.12994 0 3.29941
-3.13481 0 3.31535
-3.13968 0 3.33129
-3.14483 0 3.34714
-3.14998 0 3.36299
-3.15513 0 3.37884
-3.15973 0 3.39486
-3.16404 0 3.41096
-3.16835 0 3.42706
-3.17267 0 3.44316
-3.1767 0 3.45933
-3.18185 0 3.47518
-3.18644 0 3.4912
-3.19159 0 3.50705
-3.19647 0 3.52299
-3.20106 0 3.53901
-3.20676 0 3.55467
-3.21246 0 3.57034
-3.21897 0 3.58568
-3.22654 0 3.60053
-3.23437 0 3.61524
-3.24167 0 3.63022
-3.24792 0 3.64568
-3.25362 0 3.66134
-3.25986 0 3.67679
-3.26528 0 3.69255
-3.27071 0 3.70831
-3.27722 0 3.72365
-3.28292 0 3.73931
-3.2889 0 3.75487
-3.29487 0 3.77043
-3.30084 0 3.78599
-3.30627 0 3.80175
-3.31169 0 3.81751
-3.31821 0 3.83285
-3.32363 0 3.84861
-3.32961 0 3.86417
-3.33585 0 3.87962
-3.34128 0 3.89538
-3.34643 0 3.91123
-3.35102 0 3.92725
-3.35645 0 3.94301
-3.36296 0 3.95835
-3.36974 0 3.97358
-3.37571 0 3.98914
-3.38168 0 4.0047
-3.38846 0 4.01992
-3.39497 0 4.03526
-3.40228 0 4.05024
-3.40906 0 4.06547
-3.41503 0 4.08103
-3.421 0 4.09659
-3.42615 0 4.11244
-3.43213 0 4.128
-3.43755 0 4.14376
-3.44325 0 4.15942
-3.44977 0 4.17476
-3.45601 0 4.19022
-3.46332 0 4.20519
-3.46983 0 4.22054
-3.47739 0 4.23539
-3.48496 0 4.25024
-3.49253 0 4.26509
-3.49931 0 4.28031
-3.50608 0 4.29554
-3.51286 0 4.31076
-3.51938 0 4.32611
-3.52508 0 4.34177
-3.53132 0 4.35722
-3.53702 0 4.37288
-3.54353 0 4.38822
-3.54923 0 4.40389
-3.55466 0 4.41964
-3.5609 0 4.4351
-3.56741 0 4.45044
-3.57446 0 4.46554
-3.58043 0 4.4811
-3.58558 0 4.49695
-3.58961 0 4.51313
-3.59251 0 4.52954
-3.5954 0 4.54595
-3.59858 0 4.56231
-3.60176 0 4.57867
-3.60494 0 4.59503
-3.60784 0 4.61145
-3.61016 0 4.62795
-3.6119 0 4.64453
-3.61277 0 4.66117
-3.61364 0 4.67782
-3.61509 0 4.69442
-3.61741 0 4.71092
-3.62031 0 4.72734
-3.62263 0 4.74384
-3.62495 0 4.76035
-3.62611 0 4.77697
-3.62785 0 4.79355
-3.62988 0 4.81009
-3.63076 0 4.82673
-3.63163 0 4.84338
-3.63366 0 4.85992
-3.63569 0 4.87646
-3.63858 0 4.89288
-3.64205 0 4.90918
-3.64494 0 4.92559
-3.64898 0 4.94176
-3.65273 0 4.958
-3.65732 0 4.97402
-3.66163 0 4.99012
-3.66566 0 5.00629
-3.66998 0 5.02239
-3.67429 0 5.03849
-3.67747 0 5.05485
-3.68122 0 5.07109
-3.68497 0 5.08733
-3.68872 0 5.10357
-3.69247 0 5.11981
-3.69593 0 5.13611
-3.69997 0 5.15228
-3.70512 0 5.16813
-3.71082 0 5.1838
-3.71679 0 5.19936
-3.72166 0 5.21529
-3.72681 0 5.23115
-3.73196 0 5.247
-3.73656 0 5.26302
-3.74087 0 5.27912
-3.74546 0 5.29514
-3.75116 0 5.3108
-3.75687 0 5.32646
-3.76311 0 5.34191
-3.76881 0 5.35757
-3.77424 0 5.37333
-3.78021 0 5.38889
-3.78645 0 5.40435
-3.79296 0 5.41969
-3.79839 0 5.43545
-3.80382 0 5.45121
-3.80952 0 5.46687
-3.81411 0 5.48289
-3.81758 0 5.49919
-3.82104 0 5.51549
-3.82393 0 5.53191
-3.82683 0 5.54832
-3.82886 0 5.56486
-3.82973 0 5.58151
-3.82973 0 5.59817
-3.83089 0 5.6148
-3.83264 0 5.63137
-3.8338 0 5.648
-3.83554 0 5.66458
-3.83728 0 5.68115
-3.83903 0 5.69773
-3.83961 0 5.71438
-3.84048 0 5.73103
-3.84135 0 5.74767
-3.84338 0 5.76421
-3.84656 0 5.78057
-3.85088 0 5.79667
-3.85491 0 5.81284
-3.8595 0 5.82886
-3.86354 0 5.84504
-3.86757 0 5.86121
-3.8716 0 5.87738
-3.87506 0 5.89368
-3.8791 0 5.90985
-3.88425 0 5.9257
-3.88967 0 5.94146
-3.89455 0 5.9574
-3.89942 0 5.97334
-3.90317 0 5.98958
-3.90692 0 6.00582
-3.91179 0 6.02176
-3.91638 0 6.03778
-3.92042 0 6.05395
-3.92388 0 6.07025
-3.92819 0 6.08635
-3.93251 0 6.10245
-3.93682 0 6.11855
-3.94057 0 6.13479
-3.94432 0 6.15103
-3.94863 0 6.16713
-3.95238 0 6.18337
-3.95613 0 6.19961
-3.96045 0 6.2157
-3.96448 0 6.23188
-3.96935 0 6.24781
-3.97505 0 6.26348
-3.97965 0 6.2795
-3.98507 0 6.29526
-3.9905 0 6.31101
-3.99481 0 6.32711
-4.00024 0 6.34287
-4.00675 0 6.35821
-4.01432 0 6.37306
-4.0229 0 6.38735
-4.03246 0 6.401
-4.04295 0 6.41395
-4.05251 0 6.42761
-4.06254 0 6.44092
-4.07162 0 6.4549
-4.08069 0 6.46887
-4.09001 0 6.48269
-4.09909 0 6.49667
-4.10742 0 6.5111
-4.11499 0 6.52595
-4.12357 0 6.54024
-4.13216 0 6.55452
-4.14099 0 6.56866
-4.15031 0 6.58248
-4.15864 0 6.59691
-4.16647 0 6.61163
-4.17429 0 6.62634
-4.18107 0 6.64157
-4.18677 0 6.65723
-4.1922 0 6.67299
-4.19735 0 6.68884
-4.20359 0 6.70429
-4.20929 0 6.71995
-4.2158 0 6.73529
-4.22205 0 6.75075
-4.22883 0 6.76597
-4.23639 0 6.78082
-4.24344 0 6.79593
-4.25152 0 6.81051
-4.2601 0 6.82479
-4.26966 0 6.83844
-4.27969 0 6.85175
-4.28901 0 6.86557
-4.29809 0 6.87955
-4.30642 0 6.89398
-4.3155 0 6.90796
-4.32553 0 6.92127
-4.33602 0 6.93422
-4.34717 0 6.94661
-4.35832 0 6.959
-4.36926 0 6.97157
-4.38083 0 6.98356
-4.39241 0 6.99555
-4.40335 0 7.00813
-4.41383 0 7.02108
-4.42432 0 7.03404
-4.43481 0 7.04699
-4.44575 0 7.05957
-4.45646 0 7.07233
-4.46761 0 7.08472
-4.4796 0 7.0963
-4.49218 0 7.10723
-4.50531 0 7.11749
-4.51826 0 7.12798
-4.53045 0 7.13935
-4.54341 0 7.14984
-4.55689 0 7.15963
-4.57087 0 7.16871
-4.58418 0 7.17874
-4.59676 0 7.18968
-4.60952 0 7.20039
-4.62266 0 7.21065
-4.63597 0 7.22068
-4.64945 0 7.23048
-4.66359 0 7.23931
-4.6774 0 7.24863
-4.69184 0 7.25696
-4.70581 0 7.26604
-4.71963 0 7.27536
-4.73392 0 7.28394
-4.7479 0 7.29302
-4.76233 0 7.30135
-4.77676 0 7.30969
-4.79174 0 7.31699
-4.80672 0 7.3243
-4.82183 0 7.33134
-4.83654 0 7.33917
-4.85177 0 7.34595
-4.86711 0 7.35246
-4.88209 0 7.35976
-4.89653 0 7.3681
-4.91096 0 7.37643
-4.92567 0 7.38426
-4.94039 0 7.39208
-4.9555 0 7.39912
-4.97072 0 7.4059
-4.98638 0 7.4116
-5.00161 0 7.41838
-5.01695 0 7.42489
-5.03229 0 7.43141
-5.04727 0 7.43871
-5.06273 0 7.44496
-5.07795 0 7.45173
-5.09306 0 7.45878
-5.10828 0 7.46556
-5.12394 0 7.47126
-5.1394 0 7.4775
-5.15525 0 7.48265
-5.17135 0 7.48697
-5.18744 0 7.49128
-5.20354 0 7.49559
-5.21964 0 7.49991
-5.23594 0 7.50337
-5.25204 0 7.50768
-5.26822 0 7.51172
-5.28463 0 7.51461
-5.30109 0 7.51722
-5.31755 0 7.51983
-5.33379 0 7.52357
-5.34973 0 7.52845
-5.36567 0 7.53332
-5.38177 0 7.53763
-5.39801 0 7.54138
-5.41403 0 7.54598
-5.42988 0 7.55113
-5.44573 0 7.55628
-5.46158 0 7.56143
-5.47752 0 7.5663
-5.49318 0 7.572
-5.50852 0 7.57851
-5.52337 0 7.58608
-5.53809 0 7.5939
-5.52484 0 7.60402
-5.51159 0 7.61413
-5.49835 0 7.62425
-5.4851 0 7.63436
-5.47185 0 7.64448
-5.45861 0 7.65459
-5.44536 0 7.66471
-5.43211 0 7.67482
-5.41887 0 7.68494
-5.40562 0 7.69505
-5.39237 0 7.70516
-5.37913 0 7.71528
-5.36588 0 7.72539
-5.35263 0 7.73551
-5.33939 0 7.74562
-5.32614 0 7.75574
-5.31289 0 7.76585
-5.29965 0 7.77597
-5.2864 0 7.78608
-5.27315 0 7.79619
-5.25991 0 7.80631
-5.24666 0 7.81642
-5.23341 0 7.82654
-5.22017 0 7.83665
-5.20692 0 7.84677
-5.19367 0 7.85688
-5.18043 0 7.867
-5.16718 0 7.87711
-5.15393 0 7.88723
-5.14069 0 7.89734
-5.12744 0 7.90745
-5.11419 0 7.91757
-5.10095 0 7.92768
-5.0877 0 7.9378
-5.07445 0 7.94791
-5.06121 0 7.95803
-5.04796 0 7.96814
-5.03471 0 7.97826
-5.02147 0 7.98837
-5.00822 0 7.99848
-4.99497 0 8.0086
-4.98173 0 8.01871
-4.96848 0 8.02883
-4.95523 0 8.03894
-4.94199 0 8.04906
-4.92874 0 8.05917
-4.91549 0 8.06929
-4.90225 0 8.0794
-4.889 0 8.08952
-4.87575 0 8.09963
-4.86251 0 8.10974
-4.84926 0 8.11986
-4.83601 0 8.12997
-4.82277 0 8.14009
-4.80952 0 8.1502
-4.79627 0 8.16032
-4.78303 0 8.17043
-4.76978 0 8.18055
-4.75653 0 8.19066
-4.74329 0 8.20077
-4.73004 0 8.21089
-4.71679 0 8.221
-4.70355 0 8.23112
-4.6903 0 8.24123
-4.67705 0 8.25135
-4.66381 0 8.26146
-4.65056 0 8.27158
-4.63731 0 8.28169
-4.62407 0 8.29181
-4.61082 0 8.30192
-4.59757 0 8.31203
-4.58433 0 8.32215
-4.57108 0 8.33226
-4.55783 0 8.34238
-4.54459 0 8.35249
-4.53134 0 8.36261
-4.51809 0 8.37272
-4.50485 0 8.38284
-4.4916 0 8.39295
-4.47835 0 8.40306
-4.46511 0 8.41318
-4.45186 0 8.42329
-4.43861 0 8.43341
-4.42537 0 8.44352
-4.41212 0 8.45364
-4.39887 0 8.46375
-4.38563 0 8.47387
-4.37238 0 8.48398
-4.35913 0 8.4941
-4.34589 0 8.50421
-4.33264 0 8.51432
-4.31939 0 8.52444
-4.30615 0 8.53455
-4.2929 0 8.54467
-4.27965 0 8.55478
-4.26641 0 8.5649
-4.25316 0 8.57501
-4.23991 0 8.58513
-4.22667 0 8.59524
-4.21342 0 8.60535
-4.20017 0 8.61547
-4.18693 0 8.62558
-4.17368 0 8.6357
-4.16043 0 8.64581
-4.14719 0 8.65593
-4.13394 0 8.66604
-4.12069 0 8.67616
-4.10745 0 8.68627
-4.0942 0 8.69639
-4.08095 0 8.7065
-4.06771 0 8.71661
-4.05446 0 8.72673
-4.04121 0 8.73684
-4.02797 0 8.74696
-4.01472 0 8.75707
-4.00147 0 8.76719
-3.98823 0 8.7773
-3.97498 0 8.78742
-3.96173 0 8.79753
-3.94849 0 8.80764
-3.93524 0 8.81776
-3.92199 0 8.82787
-3.90875 0 8.83799
-3.8955 0 8.8481
-3.88225 0 8.85822
-3.86901 0 8.86833
-3.85576 0 8.87845
-3.84251 0 8.88856
-3.82927 0 8.89868
-3.81602 0 8.90879
-3.80277 0 8.9189
-3.78953 0 8.92902
-3.77628 0 8.93913
-3.76303 0 8.94925
-3.74979 0 8.95936
-3.73654 0 8.96948
-3.72329 0 8.97959
-3.71005 0 8.98971
-3.6968 0 8.99982
-3.68355 0 9.00993
-3.67031 0 9.02005
-3.65706 0 9.03016
-3.64381 0 9.04028
-3.63057 0 9.05039
-3.61732 0 9.06051
-3.60407 0 9.07062
-3.59083 0 9.08074
-3.57758 0 9.09085
-3.56433 0 9.10097
-3.55109 0 9.11108
-3.53784 0 9.12119
-3.52459 0 9.13131
-3.51135 0 9.14142
-3.4981 0 9.15154
-3.48485 0 9.16165
-3.47161 0 9.17177
-3.45836 0 9.18188
-3.44511 0 9.192
-3.43187 0 9.20211
-3.41862 0 9.21222
-3.40537 0 9.22234
-3.39213 0 9.23245
-3.37888 0 9.24257
-3.36563 0 9.25268
-3.35239 0 9.2628
-3.33914 0 9.27291
-3.32589 0 9.28303
-3.31264 0 9.29314
-3.2994 0 9.30326
-3.28615 0 9.31337
-3.2729 0 9.32348
-3.25966 0 9.3336
-3.24641 0 9.34371
-3.23316 0 9.35383
-3.21992 0 9.36394
-3.20667 0 9.37406
-3.19342 0 9.38417
-3.18018 0 9.39429
-3.16693 0 9.4044
-3.15368 0 9.41451
-3.14044 0 9.42463
-3.12719 0 9.43474
-3.11394 0 9.44486
-3.1007 0 9.45497
-3.08745 0 9.46509
-3.0742 0 9.4752
-3.06096 0 9.48532
-3.04771 0 9.49543
-3.03446 0 9.50555
-3.02122 0 9.51566
-3.00797 0 9.52577
-2.99472 0 9.53589
-2.98148 0 9.546
-2.96823 0 9.55612
-2.95498 0 9.56623
-2.94174 0 9.57635
-2.92849 0 9.58646
-2.91524 0 9.59658
-2.902 0 9.60669
-2.88875 0 9.61681
-2.8755 0 9.62692
-2.86226 0 9.63703
-2.84901 0 9.64715
-2.83576 0 9.65726
-2.82252 0 9.66738
-2.80927 0 9.67749
-2.79602 0 9.68761
-2.78278 0 9.69772
-2.76953 0 9.70784
-2.75628 0 9.71795
-2.74304 0 9.72806
-2.72979 0 9.73818
-2.71654 0 9.74829
-2.7033 0 9.75841
-2.69005 0 9.76852
-2.6768 0 9.77864
-2.66356 0 9.78875
-2.65031 0 9.79887
-2.63706 0 9.80898
-2.62382 0 9.8191
-2.61057 0 9.82921
-2.59732 0 9.83932
-2.58408 0 9.84944
-2.57083 0 9.85955
-2.55758 0 9.86967
-2.54434 0 9.87978
-2.53109 0 9.8899
-2.51784 0 9.90001
-2.5046 0 9.91013
-2.49135 0 9.92024
-2.4781 0 9.93035
-2.46486 0 9.94047
-2.45161 0 9.95058
-2.43836 0 9.9607
-2.42512 0 9.97081
-2.41187 0 9.98093
-2.39862 0 9.99104
-2.38538 0 10.0012
-2.37213 0 10.0113
-2.35888 0 10.0214
-2.34564 0 10.0315
-2.33239 0 10.0416
-2.31914 0 10.0517
-2.3059 0 10.0618
-2.29265 0 10.072
-2.2794 0 10.0821
-2.26616 0 10.0922
-2.25291 0 10.1023
-2.23966 0 10.1124
-2.22642 0 10.1225
-2.21317 0 10.1326
-2.19992 0 10.1428
-2.18668 0 10.1529
-2.17343 0 10.163
-2.16018 0 10.1731
-2.14694 0 10.1832
-2.13369 0 10.1933
-2.12044 0 10.2034
-2.1072 0 10.2136
-2.09395 0 10.2237
-2.0807 0 10.2338
-2.06746 0 10.2439
-2.05421 0 10.254
-2.04096 0 10.2641
-2.02772 0 10.2742
-2.01447 0 10.2844
-2.00122 0 10.2945
-1.98798 0 10.3046
-1.97473 0 10.3147
-1.96148 0 10.3248
-1.94824 0 10.3349
-1.93499 0 10.345
-1.92174 0 10.3552
-1.9085 0 10.3653
-1.89525 0 10.3754
-1.882 0 10.3855
-1.86876 0 10.3956
-1.85551 0 10.4057
-1.84226 0 10.4159
-1.82902 0 10.426
-1.81577 0 10.4361
-1.80252 0 10.4462
-1.78928 0 10.4563
-1.77603 0 10.4664
-1.76278 0 10.4765
-1.74954 0 10.4867
-1.73629 0 10.4968
-1.72304 0 10.5069
-1.7098 0 10.517
-1.69655 0 10.5271
-1.6833 0 10.5372
-1.67006 0 10.5473
-1.65681 0 10.5575
-1.64356 0 10.5676
-1.63032 0 10.5777
-1.61707 0 10.5878
-1.60382 0 10.5979
-1.59058 0 10.608
-1.57733 0 10.6181
-1.56408 0 10.6283
-1.55084 0 10.6384
-1.53759 0 10.6485
-1.52434 0 10.6586
-1.5111 0 10.6687
-1.49785 0 10.6788
-1.4846 0 10.6889
-1.47136 0 10.6991
-1.45811 0 10.7092
-1.44486 0 10.7193
-1.43162 0 10.7294
-1.41837 0 10.7395
-1.40512 0 10.7496
-1.39188 0 10.7597
-1.37863 0 10.7699
-1.36538 0 10.78
-1.35214 0 10.7901
-1.33889 0 10.8002
-1.32564 0 10.8103
-1.3124 0 10.8204
-1.29915 0 10.8305
-1.2859 0 10.8407
-1.27266 0 10.8508
-1.25941 0 10.8609
-1.24616 0 10.871
-1.23292 0 10.8811
-1.21967 0 10.8912
-1.20642 0 10.9013
-1.19318 0 10.9115
-1.17993 0 10.9216
-1.16668 0 10.9317
-1.15344 0 10.9418
-1.14019 0 10.9519
-1.12694 0 10.962
-1.1137 0 10.9721
-1.10045 0 10.9823
-1.0872 0 10.9924
-1.07396 0 11.0025
-1.06071 0 11.0126
-1.04746 0 11.0227
-1.03422 0 11.0328
-1.02097 0 11.0429
-1.00772 0 11.0531
-0.994475 0 11.0632
-0.981229 0 11.0733
-0.967982 0 11.0834
-0.954735 0 11.0935
-0.941489 0 11.1036
-0.928242 0 11.1138
-0.914995 0 11.1239
-0.901749 0 11.134
-0.888502 0 11.1441
-0.875255 0 11.1542
-0.862009 0 11.1643
-0.848762 0 11.1744
-0.835515 0 11.1846
-0.822268 0 11.1947
-0.809022 0 11.2048
-0.795775 0 11.2149
-0.782528 0 11.225
-0.769282 0 11.2351
-0.756035 0 11.2452
-0.742788 0 11.2554
-0.729542 0 11.2655
-0.716295 0 11.2756
-0.703048 0 11.2857
-0.689802 0 11.2958
-0.676555 0 11.3059
-0.663308 0 11.316
-0.650062 0 11.3262
-0.636815 0 11.3363
-0.623568 0 11.3464
-0.610322 0 11.3565
-0.597075 0 11.3666
-0.583828 0 11.3767
-0.570582 0 11.3868
-0.557335 0 11.397
-0.544088 0 11.4071
-0.530841 0 11.4172
-0.517595 0 11.4273
-0.504348 0 11.4374
-0.491101 0 11.4475
-0.477855 0 11.4576
-0.464608 0 11.4678
-0.451361 0 11.4779
-0.438115 0 11.488
-0.424868 0 11.4981
-0.411621 0 11.5082
-0.398375 0 11.5183
-0.385128 0 11.5284
-0.371881 0 11.5386
-0.358635 0 11.5487
-0.345388 0 11.5588
-0.332141 0 11.5689
-0.318895 0 11.579
-0.305648 0 11.5891
-0.292401 0 11.5992
-0.279154 0 11.6094
-0.265908 0 11.6195
-0.252661 0 11.6296
-0.239414 0 11.6397
-0.226168 0 11.6498
-0.212921 0 11.6599
-0.199674 0 11.67
-0.186428 0 11.6802
-0.173181 0 11.6903
-0.159934 0 11.7004
-0.146688 0 11.7105
-0.133441 0 11.7206
-0.120194 0 11.7307
-0.106948 0 11.7409
-0.0937009 0 11.751
-0.0804542 0 11.7611
-0.0672075 0 11.7712
-0.0539609 0 11.7813
-0.0407142 0 11.7914
-0.0274675 0 11.8015
-0.0142208 0 11.8117
-0.000974125 0 11.8218
0.0122726 0 11.8319
0.0255192 0 11.842
0.0387659 0 11.8521
0.0520126 0 11.8622
0.0652593 0 11.8723
0.078506 0 11.8825
0.0917527 0 11.8926
0.104999 0 11.9027
0.118246 0 11.9128
0.131493 0 11.9229
0.144739 0 11.933
0.157986 0 11.9431
0.171233 0 11.9533
0.184479 0 11.9634
0.197726 0 11.9735
0.210973 0 11.9836
0.224219 0 11.9937
0.237466 0 12.0038
0.250713 0 12.0139
0.26396 0 12.0241
0.277206 0 12.0342
0.290453 0 12.0443
0.3037 0 12.0544
0.316946 0 12.0645
0.330193 0 12.0746
0.34344 0 12.0847
0.356686 0 12.0949
0.369933 0 12.105
0.38318 0 12.1151
0.396426 0 12.1252
0.409673 0 12.1353
0.42292 0 12.1454
0.436166 0 12.1555
0.449413 0 12.1657
0.46266 0 12.1758
0.475906 0 12.1859
0.489153 0 12.196
0.5024 0 12.2061
0.515647 0 12.2162
0.528893 0 12.2263
0.54214 0 12.2365
0.555387 0 12.2466
0.568633 0 12.2567
0.58188 0 12.2668
0.595127 0 12.2769
0.608373 0 12.287
0.62162 0 12.2971
0.634867 0 12.3073
0.648113 0 12.3174
0.66136 0 12.3275
0.674607 0 12.3376
0.687853 0 12.3477
0.7011 0 12.3578
0.714347 0 12.3679
0.727593 0 12.3781
0.74084 0 12.3882
0.754087 0 12.3983
0.767334 0 12.4084
0.78058 0 12.4185
0.793827 0 12.4286
0.807074 0 12.4388
0.82032 0 12.4489
0.833567 0 12.459
0.846814 0 12.4691
0.86006 0 12.4792
0.873307 0 12.4893
0.886554 0 12.4994
0.8998 0 12.5096
0.913047 0 12.5197
0.926294 0 12.5298
0.93954 0 12.5399
0.952787 0 12.55
0.966034 0 12.5601
0.97928 0 12.5702
0.992527 0 12.5804
1.00577 0 12.5905
1.01902 0 12.6006
1.03227 0 12.6107
1.04551 0 12.6208
1.05876 0 12.6309
1.07201 0 12.641
1.08525 0 12.6512
1.0985 0 12.6613
1.11175 0 12.6714
1.12499 0 12.6815
1.13824 0 12.6916
1.15149 0 12.7017
1.16473 0 12.7118
1.17798 0 12.722
1.19123 0 12.7321
1.20447 0 12.7422
1.21772 0 12.7523
1.23097 0 12.7624
1.24421 0 12.7725
1.25746 0 12.7826
1.27071 0 12.7928
1.28395 0 12.8029
1.2972 0 12.813
1.31045 0 12.8231
1.32369 0 12.8332
1.33694 0 12.8433
1.35019 0 12.8534
1.36343 0 12.8636
1.37668 0 12.8737
1.38993 0 12.8838
1.40317 0 12.8939
1.41642 0 12.904
1.42967 0 12.9141
1.44291 0 12.9242
1.45616 0 12.9344
1.46941 0 12.9445
1.48265 0 12.9546
1.4959 0 12.9647
1.50915 0 12.9748
1.52239 0 12.9849
1.53564 0 12.995
1.54889 0 13.0052
1.56213 0 13.0153
1.57538 0 13.0254
1.58863 0 13.0355
1.60187 0 13.0456
1.61512 0 13.0557
1.62837 0 13.0659
1.64161 0 13.076
1.65486 0 13.0861
1.66811 0 13.0962
1.68135 0 13.1063
1.6946 0 13.1164
1.70785 0 13.1265
1.72109 0 13.1367
1.73434 0 13.1468
1.74759 0 13.1569
1.76083 0 13.167
1.77408 0 13.1771
1.78733 0 13.1872
1.80057 0 13.1973
1.81382 0 13.2075
1.82707 0 13.2176
1.84031 0 13.2277
1.85356 0 13.2378
1.86681 0 13.2479
1.88005 0 13.258
1.8933 0 13.2681
1.90655 0 13.2783
1.91979 0 13.2884
1.93304 0 13.2985
1.94629 0 13.3086
1.95954 0 13.3187
1.97278 0 13.3288
1.98603 0 13.3389
1.99928 0 13.3491
2.01252 0 13.3592
2.02577 0 13.3693
2.03902 0 13.3794
2.05226 0 13.3895
2.06551 0 13.3996
2.07876 0 13.4097
2.092 0 13.4199
2.10525 0 13.43
2.1185 0 13.4401
2.13174 0 13.4502
2.14499 0 13.4603
2.15824 0 13.4704
2.17148 0 13.4805
2.18473 0 13.4907
2.19798 0 13.5008
2.21122 0 13.5109
2.22447 0 13.521
2.23772 0 13.5311
2.25096 0 13.5412
2.26421 0 13.5513
2.27746 0 13.5615
2.2907 0 13.5716
2.30395 0 13.5817
2.3172 0 13.5918
2.33044 0 13.6019
2.34369 0 13.612
2.35694 0 13.6221
2.37018 0 13.6323
2.38343 0 13.6424
2.39668 0 13.6525
2.40992 0 13.6626
